groupedWeek <-
structure(list(week = c(1, 2, 3, 4, 5, 6, 7, 8, 9, 10, 11, 12, 
13, 14, 15, 16, 17, 18, 19, 20, 21, 22, 23, 24, 25, 26, 27, 28, 
29, 30, 31, 32, 33, 34, 35, 36, 37, 38, 39, 40, 41, 42, 43, 44, 
45, 46, 47, 48, 49, 50, 51, 52), installs = c(3346.70629529381, 
3161.49566393784, 3145.03311383526, 3351.90403642713, 3375.29214808231, 
3364.75733175114, 3075.11219372161, 2943.22336401674, 2815.5979007064, 
2758.1745198104, 2851.80968280467, 3009.93752432222, 2796.27216766583, 
2707.67653246399, 2624.6788676236, 2578.7491870047, 2489.73144265951, 
2539.56560449859, 2524.06779870904, 2522.22822099074, 2602.09897454679, 
2532.49825609608, 2486.16688777664, 2536.84969693287, 2570.49397205224, 
2802.95087268606, 2713.9140293932, 2689.07998445162, 2690.19607259744, 
2764.00785680529, 2746.71331565768, 2822.70639660436, 2807.18122843136, 
2685.90352071006, 2746.22265202377, 2778.26902218326, 2707.47663233292, 
2748.68113409782, 2700.04346299574, 2741.07165805076, 2727.24488813698, 
2753.73348463027, 2801.37401357781, 2852.14874185071, 2819.06048392922, 
2788.14462377161, 3147.18732293604, 2820.20764138561, 2705.897255903, 
2661.45959953553, 2708.95953234871, 3169.40860799151)), class = c("tbl_df", 
"tbl", "data.frame"), row.names = c(NA, -52L))
